5j,Github 帳號,分組組別
51233101,Chen-Yi-jing,1
51233102,51233102,2
51233103,Lin-Si-yu,1
51233104,kylechan092804,3
51233105,51233105,3
51233106,51233106,2
51233107,51233107,4
51233108,51233108,5
51233109,51233109,2
51233110,ssssuuuuyyyyy,6
51233111,51233111,1
51233112,51233112,7
51233113,51233113,3
51233114,51233114,6
51233115,51233115,1
51233116,51233116,6
51233117,51233117,5
51233118,51233118,3
51233119,boyi1217,7
51233120,Yaosunset,7
51233121,51233121,5
51233122,zsw08,4
51233123,51233123,3
51233124,51233124,7
51233125,gyjbujy,6
51233126,51233126,7
51233127,kaixiang1220,4
51233128,51233128,4
51233129,51233129,2
51233130,51233130,6
51233131,51233131,8
51233132,51233132,7
51233133,51233133,4
51233134,51233134,8
51233135,51233135,6
51233136,51233136,3
51233137,51233137,1
51233138,51233138,2
51233139,51233139,4
51233140,51233140,2
51233141,51233141,5
51233142,51233142,5
51233143,51233143,8
51233144,51233144,5
